

value <- c(0.336436902,-0.349667996,0.08348054,0.194286951,-0.521518253,0.599072942,2.035709058,1.727578155,1.716528319,1.669203747,1.581599124,
1.645628869,1.436226353,1.434460089,1.479398525,1.391721113,1.434460089,1.323650326,1.294256092,1.206443161,1.17562524,1.110170268,
1.026044255,0.991775799,1.070264724,1.026930388,1.036626365,0.966693202,0.895547766,0.759415592,0.631161257,0.6258842,0.577094035,
0.681203769,0.163260678,0.224379493,0.556040626,0.491596663,0.305941265,0.419465091,0.52140513)

date<- c('2017-01-14','2017-03-15','2017-05-17','2017-07-08','2017-09-04','2017-09-10','2017-10-04','2017-11-08',
         '2017-12-11','2018-01-25','2018-02-15','2018-03-13','2018-04-13','2018-05-09','2018-06-13','2018-07-12','2018-08-18','2018-09-25','2018-10-24',
         '2018-11-28','2018-12-31','2019-01-29', '2019-02-25','2019-03-27','2019-04-25','2019-06-19','2019-07-31','2019-08-27','2019-09-30','2019-10-29',
         '2019-11-26','2019-12-27','2020-01-31','2020-02-28','2020-03-24','2020-04-27','2020-05-27','2020-06-30','2020-07-28','2020-08-25','2020-09-28')

data.frame(value,date)
 

value <- c(0.336436902,-0.349667996,0.08348054,0.194286951,-0.521518253,0.599072942,2.035709058,1.727578155,1.716528319,1.669203747,1.581599124,
           1.645628869,1.436226353,1.434460089,1.479398525,1.391721113,1.434460089,1.323650326,1.294256092,1.206443161,1.17562524,1.110170268,
           1.026044255,0.991775799,1.070264724,1.026930388,1.036626365,0.966693202,0.895547766,0.759415592,0.631161257,0.6258842,0.577094035,
           0.681203769,0.163260678,0.224379493,0.556040626,0.491596663,0.305941265,0.419465091,0.52140513)

date<- c('2017-01-14','2017-03-15','2017-05-17','2017-07-08','2017-09-04','2017-09-10','2017-10-04','2017-11-08',
         '2017-12-11','2018-01-25','2018-02-15','2018-03-13','2018-04-13','2018-05-09','2018-06-13','2018-07-12','2018-08-18','2018-09-25','2018-10-24',
         '2018-11-28','2018-12-31','2019-01-29', '2019-02-25','2019-03-27','2019-04-25','2019-06-19','2019-07-31','2019-08-27','2019-09-30','2019-10-29',
         '2019-11-26','2019-12-27','2020-01-31','2020-02-28','2020-03-24','2020-04-27','2020-05-27','2020-06-30','2020-07-28','2020-08-25','2020-09-28')

data <- data.frame(value,date)
